88,1
88,3
0,278
0,533
0,9
85,3
85,2
85,1
85,0
57,1
57,3
62,1
62,3
87,1
87,3
0,532
0,472
0,243
64,2
64,5
64,4
94,35
59,1
59,3
0,273
0,270
64,1
64,3
10,170
10,242
10,270
10,34
10,296
10,174
10,100
8,10
8,4
8,11
8,2
8,3
20,3
20,2
20,1
19,3
19,2
19,1
12,3
12,2
12,1
11,29
11,28
11,27
11,26
11,25
11,24
11,23
11,22
11,21
11,20
11,19
11,18
11,17
11,16
11,15
11,14
11,13
11,12
11,11
11,10
11,9
11,8
11,7
11,6
11,5
11,4
11,3
11,2
11,1
11,0
10,303
10,300
10,294
10,291
10,263
10,251
10,239
10,231
10,230
10,229
18,1
10,227
18,3
10,215
14,1
10,209
14,3
13,1
10,179
13,3
10,165
10,164
10,154
10,147
10,96
10,35
10,31
10,30
10,29
10,28
10,27
10,26
10,25
10,24
10,23
10,22
10,21
10,20
10,19
10,18
10,17
10,16
10,15
10,14
